entropy0,ref_value0,entropy1,ref_value1
2214.0,0,0.272,1.0
1887.0,0,0.29,1.0
2.23,0,0.245,1.0
1429.0,0,0.267,1.0
0.744,0,0.313,1.0
0.641,0,0.484,1.0
0.666,0,0.313,1.0
1.64,0,1377.0,1.0
1806.0,0,0.744,1.0
2.32,0,0.567,1.0
1041.0,0,0.806,1.0
0.303,0,0.487,1.0
0.583,0,0.487,1.0
0.677,0,0.742,1.0
1646.0,0,0.478,1.0
0.526,0,0.454,1.0
1813.0,0,0.578,1.0
1.78,0,0.582,1.0
0.817,0,0.546,1.0
0.481,0,0.846,1.0
2536.0,0,1297.0,1.0
1784.0,0,0.793,1.0
1784.0,0,0.553,1.0
2299.0,0,1.38,1.0
2913.0,0,0.553,1.0
2259.0,0,0.631,1.0
1531.0,0,0.741,1.0
2267.0,0,0.494,1.0
2406.0,0,0.535,1.0
2406.0,0,0.509,1.0
2.08,0,1.22,1.0
0.425,0,0.593,1.0
0.806,0,0.931,1.0
1312.0,0,0.546,1.0
3007.0,0,0.592,1.0
2.86,0,0.592,1.0
1645.0,0,0.552,1.0
0.501,0,0.561,1.0
2657.0,0,0.561,1.0
3187.0,0,0.937,1.0
3187.0,0,0.937,1.0
1737.0,0,0.546,1.0
2613.0,0,0.561,1.0
2205.0,0,0.561,1.0
2183.0,0,0.657,1.0
1989.0,0,0.568,1.0
1183.0,0,0.661,1.0
0.586,0,0.661,1.0
1928.0,0,0.661,1.0
2384.0,0,0.571,1.0
2802.0,0,0.571,1.0
2629.0,0,0.571,1.0
1673.0,0,0.571,1.0
2485.0,0,0.643,1.0
2.39,0,0.571,1.0
2.39,0,0.667,1.0
0.643,0,0.601,1.0
1413.0,0,0.921,1.0
2565.0,0,0.572,1.0
2565.0,0,0.563,1.0
0.838,0,0.563,1.0
0.924,0,0.577,1.0
1497.0,0,0.577,1.0
2518.0,0,0.885,1.0
2671.0,0,0.885,1.0
2116.0,0,0.607,1.0
0.714,0,0.64,1.0
0.99,0,1466.0,1.0
1933.0,0,,
1686.0,0,,
0.736,0,,
1974.0,0,,
1673.0,0,,
1024.0,0,,
1308.0,0,,
1731.0,0,,
1926.0,0,,
2699.0,0,,
2331.0,0,,
1505.0,0,,
1571.0,0,,
2534.0,0,,
2374.0,0,,
1443.0,0,,
1377.0,0,,
0.606,0,,
0.662,0,,
0.622,0,,
1009.0,0,,
1009.0,0,,
0.603,0,,
1458.0,0,,
1171.0,0,,
1171.0,0,,
1531.0,0,,
0.722,0,,
0.639,0,,
0.724,0,,
0.641,0,,
1.94,0,,
1535.0,0,,
2022.0,0,,
2267.0,0,,
1886.0,0,,
1498.0,0,,
0.638,0,,
0.836,0,,
1.17,0,,
1466.0,0,,
